Milliseconds,Signal
1,554
2,451
3,359
4,286
5,228
6,182
7,145
8,116
9,93
10,74
11,60
12,48
13,39
14,32
15,26
16,16
17,205
18,358
19,484
20,587
21,671
22,519
23,409
24,324
25,256
26,200
27,372
28,501
29,602
30,684
31,749
32,583
33,463
34,368
35,292
36,229
37,400
38,523
39,621
40,701
41,762
42,593
43,471
44,373
45,297
46,233
47,407
48,529
49,626
50,704
51,751
52,591
53,471
54,373
55,297
56,254
57,410
58,531
59,629
60,706
61,748
62,589
63,469
64,372
65,296
66,256
67,413
68,533
69,630
70,707
71,745
72,588
73,468
74,371
75,295
76,259
77,415
78,535
79,631
80,708
